((("帰宅：" .
	 [1 0 0])
	("Rubyも時代の変化にあわせて対処されている" .
	 [0 0 0 0 1 0 0 0 0 0 0 0 0 0 0 0 0 0 0 0 0 0])
	("=>" .
	 [1 0])
	("version" .
	 [1 0 0 0 0 0 0])
	("ope_log" .
	 [2 0 0 0 0 0 0])
	("utc" .
	 [1 0 0])
	("batch_over_limit_date_warning" .
	 [1 0 0 0 0 0 0 0 0 0 0 0 0 0 0 0 0 0 0 0 0 0 0 0 0 0 0 0 0])
	("exec_plan_id" .
	 [1 0 0 0 0 0 0 0 0 0 0 0])
	("to_i" .
	 [2 0 0 0])
	("com" .
	 [1 0 0])
	("DDNS" .
	 [1 0 0 0])
	("cua-set-rectangle-mark" .
	 [1 0 0 0 0 0 0 0 0 0 0 0 0 0 0 0 0 0 0 0 0 0])
	("setq" .
	 [1 0 0 0])
	("cua-mode" .
	 [0 0 0 1 0 0 0 0])
	("nil" .
	 [3 0 0])
	("when" .
	 [2 0 0 0])
	("from" .
	 [1 0 0 0])
	("from_daisojapan" .
	 [1 0 0 0 0 0 0 0 0 0 0 0 0 0 0])
	("/Users/kenta/Dropbox/Doc/doc" .
	 [1 0 0 0 0 0 0 0 0 0 0 0 0 0 0 0 0 0 0 0 0 0 0 0 0 0 0 0])
	("/Users/kenta/Dropbox/notes" .
	 [1 0 0 0 0 0 0 0 0 0 0 0 0 0 0 0 0 0 0 0 0 0 0 0 0 0])
	("/Users/kenta/Dropbox/tmp" .
	 [1 0 0 0 0 0 0 0 0 0 0 0 0 0 0 0 0 0 0 0 0 0 0 0])
	("頑張っていきます。" .
	 [1 0 0 0 0 0 0 0 0])
	("OneDriveの写真ライブラリのパス" .
	 [1 0 0 0 0 0 0 0 0 0 0 0 0 0 0 0 0 0 0])))
